민준	1	38,305
서준	2	34,644
예준	3	28,109
도윤	4	28,101
시우	5	26,027
주원	6	25,307
하준	7	24,266
지호	8	23,940
지후	9	23,151
준서	10	22,310
준우	11	21,725
현우	12	21,191
도현	13	20,663
지훈	14	20,629
건우	15	20,623
우진	16	19,693
선우	17	17,041
서진	18	16,727
민재	19	16,606
현준	20	16,430
연우	21	15,936
유준	22	15,348
정우	23	14,745
승우	24	13,588
승현	25	13,551
시윤	26	13,492
준혁	27	13,431
은우	28	13,405
지환	29	13,404
승민	30	12,438
지우	31	12,372
유찬	32	12,357
윤우	33	11,806
민성	34	11,801
준영	35	11,483
시후	36	11,399
진우	37	11,322
지원	38	11,033
수현	39	10,895
재윤	40	9,489
시현	41	9,427
동현	42	9,393
수호	43	9,324
태윤	44	9,171
민규	45	9,029
재원	46	8,877
한결	47	8,875
민우	48	8,845
재민	49	8,685
은찬	50	8,680
윤호	51	8,615
시원	52	8,593
이준	53	8,581
민찬	54	8,356
지안	55	7,971
시온	56	7,878
성민	57	7,852
준호	58	7,727
승준	59	7,702
성현	60	7,667
이안	61	7,582
현서	62	7,502
재현	63	7,434
하율	64	7,363
지한	65	7,296
우빈	66	7,271
태민	67	7,251
지성	68	7,249
예성	69	7,219
민호	70	7,183
태현	71	7,173
지율	72	7,149
민혁	73	7,103
서우	74	7,085
성준	75	6,895
은호	76	6,882
규민	77	6,766
정민	78	6,738
민준	79	6,707
지민	80	6,696
윤성	81	6,671
율	82	6,563
윤재	83	6,533
하람	84	6,394
하진	85	6,393
민석	86	6,356
준수	87	6,349
은성	88	6,296
태양	89	6,266
예찬	90	6,247
준희	91	6,105
도훈	92	5,958
하민	93	5,836
준성	94	5,688
건	95	5,673
지완	96	5,610
현수	97	5,603
승원	98	5,565
강민	99	5,540
정현	100	5,488
서연	101	35,647
서윤	102	34,342
지우	103	30,009
서현	104	29,070
민서	105	27,935
하은	106	26,936
하윤	107	25,992
윤서	108	23,692
지유	109	22,862
지민	110	22,707
채원	111	22,157
지윤	112	20,891
은서	113	20,830
수아	114	20,778
다은	115	20,302
예은	116	19,516
지아	117	18,613
수빈	118	18,544
소율	119	18,041
예린	120	17,547
예원	121	17,400
지원	122	17,077
소윤	123	16,681
지안	124	16,170
하린	125	15,480
시은	126	15,367
유진	127	15,259
채은	128	14,683
윤아	129	14,365
유나	130	14,284
가은	131	14,238
서영	132	13,902
민지	133	13,686
예진	134	13,514
서아	135	13,465
수민	136	13,176
수연	137	12,900
연우	138	12,813
예나	139	12,697
예서	140	12,387
주아	141	12,293
시연	142	11,820
연서	143	11,598
하율	144	11,456
다인	145	11,309
다연	146	11,038
시아	147	10,976
아인	148	10,924
현서	149	10,856
서은	150	10,731
유주	151	10,674
아린	152	10,578
서우	153	10,475
하연	154	10,287
서율	155	10,268
서진	156	10,247
채윤	157	10,238
유빈	158	10,166
지율	159	10,114
나윤	160	10,015
수현	161	9,988
예지	162	9,809
다현	163	9,722
소은	164	9,056
나은	165	9,027
나연	166	9,024
지은	167	9,003
민주	168	8,936
아윤	169	8,837
사랑	170	8,833
시현	171	8,747
예빈	172	8,714
윤지	173	8,682
서하	174	8,667
지현	175	8,564
소연	176	8,524
혜원	177	8,137
지수	178	8,108
은채	179	8,106
주하	180	8,050
채아	181	7,827
승아	182	7,800
다윤	183	7,554
소민	184	7,502
서희	185	7,402
나현	186	7,365
민아	187	7,355
채린	188	7,332
하영	189	7,288
세아	190	7,238
세은	191	7,214
도연	192	7,112
규리	193	7,091
아영	194	7,075
다온	195	6,778
가윤	196	6,679
지연	197	6,670
예림	198	6,626
태희	199	6,460
민채	200	6,444
